# Created by Octave 4.2.1, Wed Nov 08 23:24:44 2017 ICT <binggwong@binggwong-K46CB>
# name: v
# type: matrix
# rows: 1
# columns: 10
 6.1101 5.5277 8.518599999999999 7.0032 5.8598 8.382899999999999 7.4764 8.578099999999999 6.4862 5.0546


